4294967293,131
4294967293,130
4294967293,129
4294967293,128
4294967293,127
4294967293,126
4294967293,125
4294967293,124
4294967293,123
4294967293,122
4294967293,121
4294967293,120
4294967293,119
4294967293,118
4294967293,117
4294967293,116
4294967293,115
4294967293,114
4294967293,113
4294967293,112
4294967293,111
4294967293,110
4294967293,109
4294967293,108
4294967293,107
4294967293,106
4294967293,105
4294967293,104
4294967293,103
4294967293,102
4294967293,101
4294967293,100
4294967293,99
4294967293,98
4294967293,97
4294967293,96
4294967293,95
4294967293,94
4294967293,93
4294967293,92
4294967293,91
4294967293,90
4294967293,89
4294967293,87
4294967293,86
4294967293,85
4294967293,84
4294967293,83
4294967293,82
4294967293,81
4294967293,80
4294967293,79
4294967293,78
4294967293,77
4294967293,76
4294967293,75
4294967293,74
4294967293,73
4294967293,72
4294967293,71
4294967293,70
4294967293,69
4294967293,68
4294967293,67
4294967293,66
4294967293,65
4294967293,64
4294967293,63
4294967293,62
4294967293,61
4294967293,60
4294967293,59
4294967293,58
4294967293,57
4294967293,56
4294967293,55
4294967293,54
4294967293,53
4294967293,52
4294967293,51
4294967293,50
4294967293,49
4294967293,48
4294967293,47
4294967293,46
4294967293,45
4294967293,44
4294967293,43
4294967293,42
4294967293,41
4294967293,40
4294967293,39
4294967293,38
4294967293,37
4294967293,36
4294967293,35
4294967293,34
4294967293,33
4294967293,32
4294967293,31
4294967293,30
4294967293,29
4294967293,28
4294967293,27
4294967293,26
4294967293,25
4294967293,24
4294967293,23
4294967293,22
4294967293,21
4294967293,20
4294967293,19
4294967293,18
4294967293,17
4294967293,16
4294967293,15
4294967293,14
4294967293,13
4294967293,12
4294967293,11
4294967293,10
4294967293,9
4294967293,8
4294967293,7
4294967293,6
4294967293,5
4294967293,4
4294967293,3
4294967278,131
4294967278,130
4294967278,256
4294967278,127
4294967278,126
4294967278,125
4294967278,121
4294967278,115
4294967278,235
4294967278,112
4294967278,105
4294967278,2
4294967278,99
4294967278,95
4294967278,94
4294967278,93
4294967278,92
4294967278,91
4294967278,90
4294967278,89
4294967278,87
4294967278,86
4294967278,85
4294967278,84
4294967278,405
4294967278,83
4294967278,82
4294967278,81
4294967278,79
4294967278,78
4294967278,68
4294967278,58
4294967278,329
4294967278,57
4294967278,328
4294967278,56
4294967278,327
4294967278,55
4294967278,54
4294967278,53
4294967278,52
4294967278,51
4294967278,50
4294967278,321
4294967278,49
4294967278,48
4294967278,47
4294967278,46
4294967278,44
4294967278,315
4294967278,43
4294967278,42
4294967278,41
4294967278,40
4294967278,39
4294967278,310
4294967278,38
4294967278,37
4294967278,36
4294967278,35
4294967278,34
4294967278,305
4294967278,33
4294967278,32
4294967278,31
4294967278,30
4294967278,29
4294967278,28
4294967278,27
4294967278,26
4294967278,25
4294967278,24
4294967278,23
4294967278,22
4294967278,290
4294967278,21
4294967278,20
4294967278,19
4294967278,406
4294967278,275
4294967278,18
4294967278,17
4294967278,284
4294967278,16
4294967278,12
4294967278,282
4294967278,10
4294967278,7
4294967278,88
4294967278,4
4294967279,131
4294967279,127
4294967279,126
4294967279,339
4294967279,121
4294967279,235
4294967279,112
4294967279,338
4294967279,223
4294967279,106
4294967279,105
4294967279,101
4294967279,100
4294967279,96
4294967279,95
4294967279,91
4294967279,90
4294967279,89
4294967279,87
4294967279,86
4294967279,85
4294967279,84
4294967279,79
4294967279,74
4294967279,517
4294967279,58
4294967279,516
4294967279,57
4294967279,515
4294967279,56
4294967279,54
4294967279,53
4294967279,51
4294967279,317
4294967279,50
4294967279,49
4294967279,48
4294967279,47
4294967279,46
4294967279,44
4294967279,311
4294967279,43
4294967279,38
4294967279,23
4294967279,22
4294967279,18
4294967279,17
4294967279,12
4294967279,0
4294967279,260
4294967279,7
4294967279,4
4294967294,11
4294967294,175
4294967294,12
4294967294,13
4294967294,168
4294967294,1027
0,5
4294967294,7
4294967294,6
4294967294,22
4294967294,17
4294967294,42
4294967294,76
4294967294,41
4294967294,1425
4294967294,43
4294967294,67
4294967294,5
4294967294,1567
4294967294,1082
4294967294,1437
4294967294,92
4294967294,91
4294967294,90
4294967294,88
4294967294,87
4294967294,86
4294967294,85
4294967294,203
4294967294,207
4294967294,83
4294967294,82
4294967294,99
4294967294,104
4294967279,336
4294967278,401
4294967278,400
4294967279,316
4294967279,306
4294967279,134
4294967279,281
4294967279,275
4294967294,46
4294967294,2186
4294967294,1051
4294967294,1419
4294967294,24
4294967294,463
4294967294,1042
4294967294,493
4294967294,1440
4294967294,106
4294967294,107
4294967294,936
4294967294,934
4294967294,933
4294967294,931
4294967294,930
4294967294,666
4294967294,927
4294967294,926
4294967294,924
4294967294,923
4294967294,922
4294967294,921
4294967294,920
4294967294,918
4294967294,916
4294967294,478
4294967294,476
4294967294,913
4294967294,911
4294967294,909
4294967294,902
4294967294,900
4294967294,897
4294967294,896
4294967294,893
4294967294,890
4294967294,662
4294967294,889
4294967294,888
4294967294,886
4294967294,884
4294967294,882
4294967294,880
4294967294,878
4294967294,877
4294967294,876
4294967294,875
4294967294,874
4294967294,1460
4294967294,866
4294967294,864
4294967294,863
4294967294,855
4294967294,853
4294967294,2
4294967294,1
4294967294,852
4294967294,659
4294967294,849
4294967294,848
4294967294,847
4294967294,843
4294967294,840
4294967294,837
4294967294,833
4294967294,832
4294967294,830
4294967294,829
4294967294,828
4294967294,1566
4294967294,703
4294967294,825
4294967294,824
4294967294,26
4294967294,1565
4294967294,702
4294967294,822
4294967294,821
4294967294,820
4294967294,819
4294967294,816
4294967294,815
4294967294,813
4294967294,812
4294967294,810
4294967294,808
4294967294,807
4294967294,806
4294967294,805
4294967294,51
4294967294,803
4294967294,802
4294967294,1564
4294967294,27
4294967294,799
4294967294,798
4294967294,795
4294967294,794
4294967294,29
4294967294,28
4294967294,793
4294967294,25
4294967294,792
4294967294,53
4294967294,791
4294967294,1036
4294967294,787
4294967294,785
4294967294,783
4294967294,654
4294967294,780
4294967294,777
4294967294,1617
4294967294,775
4294967294,698
4294967294,773
4294967294,1417
4294967294,771
4294967294,652
4294967294,1137
1,0
4294967294,766
4294967294,764
4294967294,761
4294967294,760
4294967294,759
4294967294,442
4294967294,756
4294967294,755
4294967294,752
4294967294,751
4294967294,750
4294967294,749
4294967294,744
4294967294,647
4294967294,1563
4294967294,735
4294967294,1562
4294967294,733
4294967294,731
4294967294,727
4294967294,726
4294967294,725
4294967294,1561
4294967294,722
4294967294,719
4294967294,718
4294967294,717
4294967294,716
4294967294,713
4294967294,712
4294967294,710
4294967294,709
4294967294,697
4294967294,642
4294967294,707
4294967294,706
4294967294,645
4294967294,704
4294967294,638
4294967294,637
4294967294,636
4294967294,635
4294967294,633
4294967294,632
4294967294,644
4294967294,631
4294967294,630
4294967294,1260
4294967294,627
4294967294,687
4294967294,623
4294967294,622
4294967294,621
4294967294,620
4294967294,618
4294967294,617
4294967294,612
4294967294,609
4294967294,1557
4294967294,608
4294967294,692
4294967294,607
4294967294,1254
4294967294,605
4294967294,604
4294967294,603
4294967294,602
4294967294,599
4294967294,1560
4294967294,1558
4294967294,596
4294967294,591
4294967294,658
4294967294,1559
4294967294,588
4294967294,1135
4294967294,587
4294967294,125
4294967294,586
4294967294,1134
4294967294,584
4294967294,1556
4294967294,582
4294967294,581
4294967294,580
4294967294,579
4294967294,578
4294967294,576
4294967294,569
4294967294,567
4294967294,565
4294967294,1555
4294967294,563
4294967294,562
4294967294,572
4294967294,556
4294967294,554
4294967294,561
4294967294,84
4294967294,1141
4294967294,214
4294967294,547
4294967294,653
4294967294,575
4294967294,560
4294967294,544
4294967294,641
4294967294,643
4294967294,541
4294967294,539
4294967294,661
4294967294,648
4294967294,640
4294967294,536
4294967294,649
4294967294,814
4294967294,573
4294967294,70
4294967294,655
4294967294,72
4294967294,811
4294967294,1130
4294967294,646
4294967294,71
4294967294,1257
4294967278,251
4294967279,221
4294967279,335
4294967278,291
4294967279,253
4294967278,239
4294967294,1435
4294967294,1554
4294967294,1553
4294967294,2177
4294967294,1552
4294967294,1551
4294967294,1550
4294967294,1549
4294967294,1079
4294967294,395
4294967294,1662
4294967294,1546
4294967294,1544
4294967294,1247
4294967294,1028
4294967294,1615
4294967294,1467
4294967294,1612
4294967294,428
4294967294,1139
4294967294,1131
4294967294,1123
4294967294,1449
4294967294,1132
4294967294,1093
4294967294,1606
4294967294,1625
4294967294,1465
4294967294,1622
4294967294,1614
4294967294,1619
4294967294,455
4294967294,1457
4294967294,1613
4294967294,1624
4294967294,1420
4294967294,1450
4294967294,454
4294967294,1251
4294967294,469
4294967294,425
4294967294,513
4294967294,1621
4294967294,1468
4294967294,1246
4294967294,1601
4294967294,1605
4294967294,392
4294967294,1459
4294967294,535
4294967294,1133
4294967294,443
4294967294,1453
4294967294,1600
4294967294,534
4294967294,1032
4294967294,527
4294967294,430
4294967294,1078
4294967294,1136
4294967294,370
4294967294,369
4294967294,368
4294967294,367
4294967294,366
4294967294,364
4294967294,365
4294967294,363
4294967294,362
4294967294,361
4294967294,360
4294967294,359
4294967294,358
4294967294,357
4294967294,356
4294967294,355
4294967294,354
4294967294,3
4294967294,8
4294967294,205
4294967294,204
4294967294,202
4294967294,201
4294967278,399
4294967279,334
4294967279,271
4294967278,278
4294967278,397
